Resource Budget (Execution Slots): 8

Ideal throughput: 25 CLs/2hour
Max Batch  | Slowdown     | Avg Queue      | Pass Rate | Fail Est   | Avg Time (h)
-----------------------------------------------------------------------------------------
n_tests: 16
128        | 1.15         | 0              | 0.67      | 0.25       | 4.00
256        | 1.14         | 0              | 0.68      | 0.25       | 4.00
512        | 1.15         | 0              | 0.67      | 0.28       | 4.00
n_tests: 32
128        | 1.23         | 0              | 0.64      | 0.29       | 4.00
256        | 1.23         | 0              | 0.64      | 0.28       | 4.00
512        | 1.23         | 0              | 0.64      | 0.30       | 4.00
n_tests: 64
128        | 1.22         | 0              | 0.69      | 0.22       | 4.00
256        | 1.22         | 0              | 0.69      | 0.23       | 4.00
512        | 1.22         | 0              | 0.69      | 0.22       | 4.00
n_tests: 128
128        | 1.20         | 0              | 0.73      | 0.16       | 4.00
256        | 1.20         | 0              | 0.73      | 0.15       | 4.00
512        | 1.20         | 0              | 0.73      | 0.18       | 4.00

Ideal throughput: 50 CLs/2hour
Max Batch  | Slowdown     | Avg Queue      | Pass Rate | Fail Est   | Avg Time (h)
-----------------------------------------------------------------------------------------
n_tests: 16
128        | 1.31         | 0              | 0.60      | 0.34       | 4.00
256        | 1.30         | 0              | 0.60      | 0.34       | 4.00
512        | 1.31         | 0              | 0.60      | 0.33       | 4.00
n_tests: 32
128        | 1.53         | 0              | 0.55      | 0.36       | 4.00
256        | 1.53         | 0              | 0.55      | 0.37       | 4.00
512        | 1.53         | 0              | 0.55      | 0.37       | 4.00
n_tests: 64
128        | 1.55         | 0              | 0.59      | 0.31       | 4.00
256        | 1.56         | 0              | 0.59      | 0.30       | 4.00
512        | 1.55         | 0              | 0.59      | 0.30       | 4.00
n_tests: 128
128        | 1.52         | 0              | 0.62      | 0.26       | 4.00
256        | 1.52         | 0              | 0.62      | 0.28       | 4.00
512        | 1.52         | 0              | 0.62      | 0.28       | 4.00

Ideal throughput: 100 CLs/2hour
Max Batch  | Slowdown     | Avg Queue      | Pass Rate | Fail Est   | Avg Time (h)
-----------------------------------------------------------------------------------------
n_tests: 16
128        | 1.69         | 73             | 0.54      | 0.39       | 5.78
256        | 1.79         | 0              | 0.50      | 0.40       | 4.00
512        | 1.80         | 0              | 0.50      | 0.41       | 4.00
n_tests: 32
128        | 2.02         | 73             | 0.46      | 0.45       | 5.71
256        | 2.51         | 0              | 0.43      | 0.48       | 4.00
512        | 2.49         | 0              | 0.44      | 0.47       | 4.00
n_tests: 64
128        | 2.05         | 73             | 0.48      | 0.42       | 5.70
256        | 2.67         | 0              | 0.46      | 0.44       | 4.00
512        | 2.68         | 0              | 0.46      | 0.44       | 4.00
n_tests: 128
128        | 2.00         | 73             | 0.51      | 0.37       | 5.70
256        | 2.62         | 0              | 0.48      | 0.41       | 4.00
512        | 2.63         | 0              | 0.48      | 0.41       | 4.00

Ideal throughput: 200 CLs/2hour
Max Batch  | Slowdown     | Avg Queue      | Pass Rate | Fail Est   | Avg Time (h)
-----------------------------------------------------------------------------------------
n_tests: 16
128        | 2.50         | 218            | 0.47      | 0.50       | 7.94
256        | 2.45         | 102            | 0.40      | 0.51       | 5.14
512        | 3.43         | 0              | 0.38      | 0.54       | 4.00
n_tests: 32
128        | 3.04         | 218            | 0.38      | 0.56       | 7.87
256        | 3.56         | 102            | 0.32      | 0.60       | 5.00
512        | 5.18         | 0              | 0.32      | 0.58       | 4.00
n_tests: 64
128        | 3.11         | 218            | 0.39      | 0.55       | 7.85
256        | 3.91         | 102            | 0.32      | 0.56       | 4.94
512        | 5.54         | 0              | 0.33      | 0.58       | 4.00
n_tests: 128
128        | 3.02         | 218            | 0.40      | 0.53       | 7.85
256        | 3.81         | 102            | 0.34      | 0.55       | 4.94
512        | 5.44         | 0              | 0.34      | 0.56       | 4.00

All simulations complete in 7m9.747762275s.
