Resource Budget (Execution Slots): 8

Ideal throughput: 25 CLs/2hour
Max Batch  | Slowdown     | Avg Queue      | Pass Rate | Fail Est   | Avg Time (h)
-----------------------------------------------------------------------------------------
n_tests: 16
128        | 1.20         | 0              | 0.65      | 0.27       | 4.00
256        | 1.19         | 0              | 0.66      | 0.34       | 4.00
512        | 1.19         | 0              | 0.66      | 0.27       | 4.00
n_tests: 32
128        | 1.28         | 0              | 0.62      | 0.31       | 4.00
256        | 1.28         | 0              | 0.62      | 0.31       | 4.00
512        | 1.28         | 0              | 0.62      | 0.33       | 4.00
n_tests: 64
128        | 1.24         | 0              | 0.69      | 0.21       | 4.00
256        | 1.23         | 0              | 0.69      | 0.22       | 4.00
512        | 1.23         | 0              | 0.69      | 0.22       | 4.00
n_tests: 128
128        | 1.20         | 0              | 0.73      | 0.16       | 4.00
256        | 1.20         | 0              | 0.73      | 0.15       | 4.00
512        | 1.20         | 0              | 0.73      | 0.17       | 4.00

Ideal throughput: 50 CLs/2hour
Max Batch  | Slowdown     | Avg Queue      | Pass Rate | Fail Est   | Avg Time (h)
-----------------------------------------------------------------------------------------
n_tests: 16
128        | 1.36         | 0              | 0.59      | 0.36       | 4.00
256        | 1.35         | 0              | 0.59      | 0.35       | 4.00
512        | 1.36         | 0              | 0.59      | 0.35       | 4.00
n_tests: 32
128        | 1.57         | 0              | 0.54      | 0.37       | 4.00
256        | 1.58         | 0              | 0.54      | 0.36       | 4.00
512        | 1.58         | 0              | 0.54      | 0.38       | 4.00
n_tests: 64
128        | 1.58         | 0              | 0.58      | 0.32       | 4.00
256        | 1.57         | 0              | 0.58      | 0.31       | 4.00
512        | 1.56         | 0              | 0.58      | 0.30       | 4.00
n_tests: 128
128        | 1.52         | 0              | 0.62      | 0.26       | 4.00
256        | 1.52         | 0              | 0.62      | 0.27       | 4.00
512        | 1.52         | 0              | 0.62      | 0.27       | 4.00

Ideal throughput: 100 CLs/2hour
Max Batch  | Slowdown     | Avg Queue      | Pass Rate | Fail Est   | Avg Time (h)
-----------------------------------------------------------------------------------------
n_tests: 16
128        | 1.75         | 73             | 0.52      | 0.42       | 5.78
256        | 1.87         | 0              | 0.49      | 0.44       | 4.00
512        | 1.86         | 0              | 0.49      | 0.43       | 4.00
n_tests: 32
128        | 2.06         | 73             | 0.46      | 0.45       | 5.72
256        | 2.58         | 0              | 0.43      | 0.50       | 4.00
512        | 2.58         | 0              | 0.42      | 0.47       | 4.00
n_tests: 64
128        | 2.08         | 73             | 0.48      | 0.42       | 5.70
256        | 2.70         | 0              | 0.45      | 0.43       | 4.00
512        | 2.69         | 0              | 0.45      | 0.44       | 4.00
n_tests: 128
128        | 2.00         | 73             | 0.51      | 0.37       | 5.70
256        | 2.62         | 0              | 0.48      | 0.41       | 4.00
512        | 2.63         | 0              | 0.48      | 0.41       | 4.00

Ideal throughput: 200 CLs/2hour
Max Batch  | Slowdown     | Avg Queue      | Pass Rate | Fail Est   | Avg Time (h)
-----------------------------------------------------------------------------------------
n_tests: 16
128        | 2.55         | 218            | 0.46      | 0.51       | 7.94
256        | 2.51         | 102            | 0.40      | 0.53       | 5.14
512        | 3.53         | 0              | 0.38      | 0.56       | 4.00
n_tests: 32
128        | 3.11         | 218            | 0.38      | 0.55       | 7.87
256        | 3.64         | 102            | 0.32      | 0.59       | 5.00
512        | 5.30         | 0              | 0.31      | 0.61       | 4.00
n_tests: 64
128        | 3.12         | 218            | 0.39      | 0.57       | 7.85
256        | 3.92         | 102            | 0.32      | 0.58       | 4.94
512        | 5.58         | 0              | 0.33      | 0.58       | 4.00
n_tests: 128
128        | 3.02         | 218            | 0.40      | 0.53       | 7.86
256        | 3.81         | 102            | 0.34      | 0.56       | 4.94
512        | 5.45         | 0              | 0.34      | 0.55       | 4.00

All simulations complete in 7m10.273233835s.
